-Y 5 +X 5
      0       4       1.691e-02       1.691e-02       1.691e-02
      1       4       9.979e-03       9.979e-03       9.979e-03
      2       4       7.370e-03       7.370e-03       7.370e-03
      3       4       1.874e-02       1.874e-02       1.874e-02
      4       4       2.374e-02       2.374e-02       2.374e-02
      0       3       3.381e-02       3.381e-02       3.381e-02
      1       3       5.481e-02       5.481e-02       5.481e-02
      2       3       5.432e-02       5.432e-02       5.432e-02
      3       3       5.774e-02       5.774e-02       5.774e-02
      4       3       6.140e-02       6.140e-02       6.140e-02
      0       2       3.186e-02       3.186e-02       3.186e-02
      1       2       5.383e-02       5.383e-02       5.383e-02
      2       2       5.090e-02       5.090e-02       5.090e-02
      3       2       5.701e-02       5.701e-02       5.701e-02
      4       2       6.018e-02       6.018e-02       6.018e-02
      0       1       2.643e-02       2.643e-02       2.643e-02
      1       1       4.114e-02       4.114e-02       4.114e-02
      2       1       3.894e-02       3.894e-02       3.894e-02
      3       1       4.919e-02       4.919e-02       4.919e-02
      4       1       4.919e-02       4.919e-02       4.919e-02
      0       0       1.328e-02       1.328e-02       1.328e-02
      1       0       2.350e-02       2.350e-02       2.350e-02
      2       0       2.509e-02       2.509e-02       2.509e-02
      3       0       2.899e-02       2.899e-02       2.899e-02
      4       0       2.399e-02       2.399e-02       2.399e-02
