-Y 5 +X 5
      0       4       8.331e-03       8.331e-03       8.331e-03
      1       4       1.395e-02       1.395e-02       1.395e-02
      2       4       1.395e-02       1.395e-02       1.395e-02
      3       4       1.419e-02       1.419e-02       1.419e-02
      4       4       1.486e-02       1.486e-02       1.486e-02
      0       3       8.179e-02       8.179e-02       8.179e-02
      1       3       1.057e-01       1.057e-01       1.057e-01
      2       3       1.052e-01       1.052e-01       1.052e-01
      3       3       1.077e-01       1.077e-01       1.077e-01
      4       3       1.130e-01       1.130e-01       1.130e-01
      0       2       6.763e-02       6.763e-02       6.763e-02
      1       2       1.052e-01       1.052e-01       1.052e-01
      2       2       9.351e-02       9.351e-02       9.351e-02
      3       2       1.111e-01       1.111e-01       1.111e-01
      4       2       1.184e-01       1.184e-01       1.184e-01
      0       1       5.310e-02       5.310e-02       5.310e-02
      1       1       8.911e-02       8.911e-02       8.911e-02
      2       1       7.690e-02       7.690e-02       7.690e-02
      3       1       9.204e-02       9.204e-02       9.204e-02
      4       1       1.008e-01       1.008e-01       1.008e-01
      0       0       2.789e-02       2.789e-02       2.789e-02
      1       0       4.944e-02       4.944e-02       4.944e-02
      2       0       5.042e-02       5.042e-02       5.042e-02
      3       0       5.310e-02       5.310e-02       5.310e-02
      4       0       4.993e-02       4.993e-02       4.993e-02
