-Y 5 +X 5
      0       4       6.882e-03       6.882e-03       6.882e-03
      1       4       1.678e-02       1.678e-02       1.678e-02
      2       4       4.944e-02       4.944e-02       4.944e-02
      3       4       3.601e-02       3.601e-02       3.601e-02
      4       4       1.801e-02       1.801e-02       1.801e-02
      0       3       5.627e-02       5.627e-02       5.627e-02
      1       3       9.155e-02       9.155e-02       9.155e-02
      2       3       9.888e-02       9.888e-02       9.888e-02
      3       3       9.790e-02       9.790e-02       9.790e-02
      4       3       9.790e-02       9.790e-02       9.790e-02
      0       2       7.104e-02       7.104e-02       7.104e-02
      1       2       9.351e-02       9.351e-02       9.351e-02
      2       2       9.253e-02       9.253e-02       9.253e-02
      3       2       9.546e-02       9.546e-02       9.546e-02
      4       2       1.013e-01       1.013e-01       1.013e-01
      0       1       4.456e-02       4.456e-02       4.456e-02
      1       1       7.886e-02       7.886e-02       7.886e-02
      2       1       7.886e-02       7.886e-02       7.886e-02
      3       1       8.032e-02       8.032e-02       8.032e-02
      4       1       8.423e-02       8.423e-02       8.423e-02
      0       0       2.191e-02       2.191e-02       2.191e-02
      1       0       3.918e-02       3.918e-02       3.918e-02
      2       0       3.870e-02       3.870e-02       3.870e-02
      3       0       3.918e-02       3.918e-02       3.918e-02
      4       0       3.967e-02       3.967e-02       3.967e-02
