-Y 5 +X 5
      0       4       4.846e-02       4.846e-02       4.846e-02
      1       4       5.090e-02       5.090e-02       5.090e-02
      2       4       5.066e-02       5.066e-02       5.066e-02
      3       4       4.797e-02       4.797e-02       4.797e-02
      4       4       4.480e-02       4.480e-02       4.480e-02
      0       3       3.258e+00       3.258e+00       3.258e+00
      1       3       3.711e+00       3.711e+00       3.711e+00
      2       3       3.695e+00       3.695e+00       3.695e+00
      3       3       3.523e+00       3.523e+00       3.523e+00
      4       3       3.273e+00       3.273e+00       3.273e+00
      0       2       3.773e+00       3.773e+00       3.773e+00
      1       2       6.453e+00       6.453e+00       6.453e+00
      2       2       6.609e+00       6.609e+00       6.609e+00
      3       2       6.266e+00       6.266e+00       6.266e+00
      4       2       5.891e+00       5.891e+00       5.891e+00
      0       1       1.660e+00       1.660e+00       1.660e+00
      1       1       4.266e+00       4.266e+00       4.266e+00
      2       1       4.922e+00       4.922e+00       4.922e+00
      3       1       2.836e+00       2.836e+00       2.836e+00
      4       1       4.578e+00       4.578e+00       4.578e+00
      0       0       7.090e-01       7.090e-01       7.090e-01
      1       0       2.539e+00       2.539e+00       2.539e+00
      2       0       6.113e-01       6.113e-01       6.113e-01
      3       0       7.983e-02       7.983e-02       7.983e-02
      4       0       5.723e-01       5.723e-01       5.723e-01
