-Y 5 +X 5
      0       4       1.678e-02       1.678e-02       1.678e-02
      1       4       3.021e-02       3.021e-02       3.021e-02
      2       4       2.997e-02       2.997e-02       2.997e-02
      3       4       2.948e-02       2.948e-02       2.948e-02
      4       4       2.631e-02       2.631e-02       2.631e-02
      0       3       1.223e+00       1.223e+00       1.223e+00
      1       3       2.195e+00       2.195e+00       2.195e+00
      2       3       2.180e+00       2.180e+00       2.180e+00
      3       3       2.133e+00       2.133e+00       2.133e+00
      4       3       1.926e+00       1.926e+00       1.926e+00
      0       2       2.227e+00       2.227e+00       2.227e+00
      1       2       3.758e+00       3.758e+00       3.758e+00
      2       2       3.836e+00       3.836e+00       3.836e+00
      3       2       3.664e+00       3.664e+00       3.664e+00
      4       2       3.430e+00       3.430e+00       3.430e+00
      0       1       1.520e+00       1.520e+00       1.520e+00
      1       1       1.895e+00       1.895e+00       1.895e+00
      2       1       2.945e+00       2.945e+00       2.945e+00
      3       1       2.664e+00       2.664e+00       2.664e+00
      4       1       1.895e+00       1.895e+00       1.895e+00
      0       0       3.625e-02       3.625e-02       3.625e-02
      1       0       8.862e-02       8.862e-02       8.862e-02
      2       0       3.584e-01       3.584e-01       3.584e-01
      3       0       3.232e-01       3.232e-01       3.232e-01
      4       0       1.694e-01       1.694e-01       1.694e-01
