-Y 5 +X 5
      0       4       5.261e-02       5.261e-02       5.261e-02
      1       4       5.457e-02       5.457e-02       5.457e-02
      2       4       5.579e-02       5.579e-02       5.579e-02
      3       4       5.359e-02       5.359e-02       5.359e-02
      4       4       4.993e-02       4.993e-02       4.993e-02
      0       3       3.789e+00       3.789e+00       3.789e+00
      1       3       3.961e+00       3.961e+00       3.961e+00
      2       3       4.047e+00       4.047e+00       4.047e+00
      3       3       3.914e+00       3.914e+00       3.914e+00
      4       3       3.648e+00       3.648e+00       3.648e+00
      0       2       6.484e+00       6.484e+00       6.484e+00
      1       2       6.766e+00       6.766e+00       6.766e+00
      2       2       7.078e+00       7.078e+00       7.078e+00
      3       2       6.859e+00       6.859e+00       6.859e+00
      4       2       5.453e+00       5.453e+00       5.453e+00
      0       1       3.133e+00       3.133e+00       3.133e+00
      1       1       3.180e+00       3.180e+00       3.180e+00
      2       1       6.047e+00       6.047e+00       6.047e+00
      3       1       5.234e+00       5.234e+00       5.234e+00
      4       1       3.211e+00       3.211e+00       3.211e+00
      0       0       2.744e-01       2.744e-01       2.744e-01
      1       0       8.105e-01       8.105e-01       8.105e-01
      2       0       4.828e+00       4.828e+00       4.828e+00
      3       0       1.238e+00       1.238e+00       1.238e+00
      4       0       2.725e-01       2.725e-01       2.725e-01
