-Y 5 +X 5
      0       4       4.529e-02       4.529e-02       4.529e-02
      1       4       4.822e-02       4.822e-02       4.822e-02
      2       4       4.968e-02       4.968e-02       4.968e-02
      3       4       4.895e-02       4.895e-02       4.895e-02
      4       4       2.643e-02       2.643e-02       2.643e-02
      0       3       3.320e+00       3.320e+00       3.320e+00
      1       3       3.539e+00       3.539e+00       3.539e+00
      2       3       3.633e+00       3.633e+00       3.633e+00
      3       3       3.570e+00       3.570e+00       3.570e+00
      4       3       1.934e+00       1.934e+00       1.934e+00
      0       2       5.922e+00       5.922e+00       5.922e+00
      1       2       6.328e+00       6.328e+00       6.328e+00
      2       2       6.609e+00       6.609e+00       6.609e+00
      3       2       6.297e+00       6.297e+00       6.297e+00
      4       2       3.445e+00       3.445e+00       3.445e+00
      0       1       3.445e+00       3.445e+00       3.445e+00
      1       1       5.578e+00       5.578e+00       5.578e+00
      2       1       5.016e+00       5.016e+00       5.016e+00
      3       1       3.195e+00       3.195e+00       3.195e+00
      4       1       1.621e+00       1.621e+00       1.621e+00
      0       0       9.043e-01       9.043e-01       9.043e-01
      1       0       5.453e+00       5.453e+00       5.453e+00
      2       0       3.242e+00       3.242e+00       3.242e+00
      3       0       1.958e-01       1.958e-01       1.958e-01
      4       0       4.016e-02       4.016e-02       4.016e-02
