-Y 5 +X 5
      0       4       2.704e-02       2.704e-02       2.704e-02
      1       4       2.985e-02       2.985e-02       2.985e-02
      2       4       3.046e-02       3.046e-02       3.046e-02
      3       4       2.960e-02       2.960e-02       2.960e-02
      4       4       1.605e-02       1.605e-02       1.605e-02
      0       3       1.973e+00       1.973e+00       1.973e+00
      1       3       2.164e+00       2.164e+00       2.164e+00
      2       3       2.211e+00       2.211e+00       2.211e+00
      3       3       2.148e+00       2.148e+00       2.148e+00
      4       3       1.176e+00       1.176e+00       1.176e+00
      0       2       3.430e+00       3.430e+00       3.430e+00
      1       2       3.695e+00       3.695e+00       3.695e+00
      2       2       3.867e+00       3.867e+00       3.867e+00
      3       2       3.648e+00       3.648e+00       3.648e+00
      4       2       2.727e+00       2.727e+00       2.727e+00
      0       1       2.570e+00       2.570e+00       2.570e+00
      1       1       2.367e+00       2.367e+00       2.367e+00
      2       1       3.352e+00       3.352e+00       3.352e+00
      3       1       1.590e+00       1.590e+00       1.590e+00
      4       1       2.508e+00       2.508e+00       2.508e+00
      0       0       4.463e-01       4.463e-01       4.463e-01
      1       0       1.574e+00       1.574e+00       1.574e+00
      2       0       1.793e+00       1.793e+00       1.793e+00
      3       0       1.228e-01       1.228e-01       1.228e-01
      4       0       3.467e-01       3.467e-01       3.467e-01
