-Y 5 +X 5
      0       4       2.936e-02       2.936e-02       2.936e-02
      1       4       5.457e-02       5.457e-02       5.457e-02
      2       4       5.432e-02       5.432e-02       5.432e-02
      3       4       5.408e-02       5.408e-02       5.408e-02
      4       4       4.846e-02       4.846e-02       4.846e-02
      0       3       2.148e+00       2.148e+00       2.148e+00
      1       3       3.977e+00       3.977e+00       3.977e+00
      2       3       3.977e+00       3.977e+00       3.977e+00
      3       3       3.930e+00       3.930e+00       3.930e+00
      4       3       3.539e+00       3.539e+00       3.539e+00
      0       2       4.016e+00       4.016e+00       4.016e+00
      1       2       6.953e+00       6.953e+00       6.953e+00
      2       2       7.141e+00       7.141e+00       7.141e+00
      3       2       6.766e+00       6.766e+00       6.766e+00
      4       2       6.266e+00       6.266e+00       6.266e+00
      0       1       4.516e+00       4.516e+00       4.516e+00
      1       1       4.016e+00       4.016e+00       4.016e+00
      2       1       6.078e+00       6.078e+00       6.078e+00
      3       1       5.297e+00       5.297e+00       5.297e+00
      4       1       3.461e+00       3.461e+00       3.461e+00
      0       0       5.801e-01       5.801e-01       5.801e-01
      1       0       4.795e-01       4.795e-01       4.795e-01
      2       0       9.160e-01       9.160e-01       9.160e-01
      3       0       7.832e-01       7.832e-01       7.832e-01
      4       0       2.959e-01       2.959e-01       2.959e-01
